function [A] = md_prepare_data_d()
    A = [   -7 1 1 1 3;
        1 11 -5 2 17;
        2 3 16 -3 9;
        1 2 -6 -15 -26; ];
end

